NOM(wt100-81.txt)	N(100)	NB VOISINS(15)	TOTAL EVAL(100006/100000)	SOL DEPART(299713)
SOLUTION FINALE:
  OBJ: 1525     Etat: VALIDE    #EVAL pour trouver: 33486
  SEQ: 7-69-39-30-40-51-78-14-45-56-67-75-0-80-41-16-36-3-10-5-17-27-64-88-74-84-71-53-20-34-4-70-58-77-6-18-65-62-2-19-44-23-82-97-13-42-52-50-63-43-87-12-24-98-91-11-9-73-29-92-81-93-26-55-22-47-32-99-59-46-37-31-66-28-68-38-15-8-1-21-89-60-49-95-25-86-72-79-90-76-85-94-57-61-48-54-83-33-35-96
  Temps:        2      88      63      36      23      93      96      10      59      80      90      54       1      60      54      14      20       1      12       5      17      41      99      68      83      63      75      96      21      30       3      75      65      56       7      20      25      96       2      23      84      28      81      57       9      63      56      46      49      16      68      17       9      67      54      15       4      45      25      27      80      85      32      60      14      70      48      95      22      26      41      28      77      29      26      69      18       8       1      22      80      23      90      77      40      90      15      99      54      91      67      94      42      59      89      48      82      29      19      96
    Fin:        2      90     153     189     212     305     401     411     470     550     640     694     695     755     809     823     843     844     856     861     878     919    1018    1086    1169    1232    1307    1403    1424    1454    1457    1532    1597    1653    1660    1680    1705    1801    1803    1826    1910    1938    2019    2076    2085    2148    2204    2250    2299    2315    2383    2400    2409    2476    2530    2545    2549    2594    2619    2646    2726    2811    2843    2903    2917    2987    3035    3130    3152    3178    3219    3247    3324    3353    3379    3448    3466    3474    3475    3497    3577    3600    3690    3767    3807    3897    3912    4011    4065    4156    4223    4317    4359    4418    4507    4555    4637    4666    4685    4781
Echeance:     2633    1048    1148    1025    1478    1736    1665     999    1033    1060    1324    1620    1490    1328    1517    1169    1838    1670    1044    1384    1638     983    1544    1691    1538    1315    1879    1685    1866    1511    2290    1814    2094    1709    3072    2894    1906    1994    3060    1916    1949    2411    2073    2134    2545    2217    2242    2328    2327    2682    2427    2526    2970    2578    2748    2720    2910    2714    2661    3046    2868    2896    2991    2945    3444    3004    3099    2715    3150    3283    3243    3248    3395    3361    3717    3496    3578    3740    4297    3529    3902    3872    4016    3811    4068    3966    4090    4155    4223    4273    4248    4387    4387    4474    4551    4625    4629    4654    4745    4274
 Retard:        0       0       0       0       0       0       0       0       0       0       0       0       0       0       0       0       0       0       0       0       0       0       0       0       0       0       0       0       0       0       0       0       0       0       0       0       0       0       0       0       0       0       0       0       0       0       0       0       0       0       0       0       0       0       0       0       0       0       0       0       0       0       0       0       0       0       0     415       2       0       0       0       0       0       0       0       0       0       0       0       0       0       0       0       0       0       0       0       0       0       0       0       0       0       0       0       8      12       0     507
  Poids:        2       6       9       8       3      10       5       5       7       8       7       3       7       3       7       6       3       4       9       8       7      10       8       3       5       3       5      10       8       5       9       5       6       3       7       8       2       8       9       9      10      10       4       1       5       8       6       5       4       2       3      10       3       1       2      10       3       3       6       1       4       3       8       6       5       8       9       1       2       3       6       6       6       7       2      10       9       6       6       8       3       2      10       2      10       4       1       5       2       5       3       3       4       5      10       5       4       5       3       2
wRetard:        0       0       0       0       0       0       0       0       0       0       0       0       0       0       0       0       0       0       0       0       0       0       0       0       0       0       0       0       0       0       0       0       0       0       0       0       0       0       0       0       0       0       0       0       0       0       0       0       0       0       0       0       0       0       0       0       0       0       0       0       0       0       0       0       0       0       0     415       4       0       0       0       0       0       0       0       0       0       0       0       0       0       0       0       0       0       0       0       0       0       0       0       0       0       0       0      32      60       0    1014


